01375
173,00:08,6.34,-501177
173,00:08,6.36,-501293
173,00:08,6.35,-501272
173,00:08,6.35,-501413
173,00:08,6.35,-501292
173,00:08,6.34,-501321
173,00:08,6.35,-501322
173,00:08,6.35,-501222
173,00:08,6.35,-501295
173,00:08,6.35,-501227
173,00:08,6.36,-501324
173,00:08,6.33,-501497
173,00:08,6.33,-501275
173,00:08,6.33,-501457
173,00:08,6.34,-501481
173,00:08,6.32,-501463
173,00:08,6.34,-501295
173,00:08,6.34,-501160
173,00:08,6.36,-501283
173,00:08,6.35,-501281
173,00:08,6.36,-501221
173,00:08,6.35,-501404
173,00:08,6.33,-501369
173,00:08,6.36,-501274
173,00:08,6.33,-501416
173,00:08,6.33,-501359
173,00:08,6.34,-501336
173,00:08,6.34,-501417
173,00:08,6.35,-501074
173,00:08,6.35,-501203
173,00:08,6.35,-501334
173,00:08,6.34,-501281
173,00:08,6.35,-501183
173,00:08,6.35,-501247
173,00:08,6.35,-501246
173,00:08,6.35,-501241
173,00:09,6.35,-501171
173,00:09,6.36,-501200
173,00:09,6.36,-501333
173,00:09,6.34,-501330
173,00:09,6.34,-501492
173,00:09,6.33,-501291
173,00:09,6.35,-501313
173,00:09,6.34,-501364
173,00:09,6.34,-501305
173,00:09,6.35,-501200
173,00:09,6.37,-501068
173,00:09,6.35,-501316
173,00:09,6.33,-501324
173,00:09,6.34,-501333
173,00:09,6.36,-501306
173,00:09,6.34,-501256
173,00:09,6.35,-501274
173,00:09,6.34,-501369
173,00:09,6.33,-501380
173,00:09,6.35,-501276
173,00:09,6.35,-501225
173,00:09,6.36,-501271
173,00:09,6.35,-501303
173,00:09,6.34,-501358
173,00:09,6.34,-501233
173,00:09,6.34,-501268
173,00:09,6.34,-501315
173,00:09,6.34,-501390
173,00:09,6.33,-501431
173,00:09,6.33,-501360
173,00:09,6.35,-501368
173,00:09,6.34,-501266
173,00:09,6.35,-501381
173,00:09,6.33,-501309
173,00:09,6.36,-501384
173,00:09,6.34,-501266
173,00:09,6.35,-501193
173,00:09,6.36,-501306
173,00:09,6.34,-501353
173,00:09,6.35,-501273
173,00:10,6.36,-501171
173,00:10,6.36,-501292
173,00:10,6.34,-501308
173,00:10,6.35,-501333
173,00:10,6.34,-501335
173,00:10,6.35,-501381
173,00:10,6.34,-501234
173,00:10,6.34,-501308
173,00:10,6.34,-501401
173,00:10,6.34,-501333
173,00:10,6.34,-501240
173,00:10,6.35,-501298
173,00:10,6.34,-501404
173,00:10,6.34,-501221
173,00:10,6.36,-501182
173,00:10,6.35,-501342
173,00:10,6.33,-501435
173,00:10,6.34,-501383
173,00:10,6.33,-501321
173,00:10,6.34,-501348
173,00:10,6.33,-501373
173,00:10,6.34,-501242
173,00:10,6.35,-501339
173,00:10,6.36,-501199
173,00:10,6.35,-501321
173,00:10,6.33,-501368
173,00:10,6.35,-501376
173,00:10,6.34,-501357
173,00:10,6.35,-501258
173,00:10,6.35,-501269
173,00:10,6.33,-501451
173,00:10,6.35,-501245
173,00:10,6.35,-501212
173,00:10,6.36,-501185
173,00:10,6.35,-501331
173,00:10,6.35,-501199
173,00:10,6.36,-501203
173,00:10,6.36,-501294
173,00:10,6.35,-501374
173,00:10,6.33,-501455
173,00:11,6.34,-501186
173,00:11,6.36,-501224
173,00:11,6.36,-501263
173,00:11,6.34,-501256
173,00:11,6.34,-501432
173,00:11,6.32,-501382
173,00:11,6.34,-501363
173,00:11,6.35,-501122
173,00:11,6.36,-501256
173,00:11,6.34,-501380
173,00:11,6.34,-501308
173,00:11,6.35,-501216
173,00:11,6.36,-501177
173,00:11,6.36,-501231
173,00:11,6.35,-501394
173,00:11,6.34,-501303
173,00:11,6.34,-501175
173,00:11,6.36,-501330
173,00:11,6.34,-501376
173,00:11,6.34,-501272
173,00:11,6.34,-501403
173,00:11,6.34,-501385
173,00:11,6.34,-501491
173,00:11,6.32,-501487
173,00:11,6.35,-501199
173,00:11,6.35,-501398
173,00:11,6.35,-501190
173,00:11,6.34,-501382
173,00:11,6.34,-501348
173,00:11,6.35,-501249
173,00:11,6.33,-501429
173,00:11,6.34,-501265
173,00:11,6.34,-501337
173,00:11,6.35,-501235
173,00:11,6.33,-501324
173,00:11,6.34,-501360
173,00:11,6.34,-501376
173,00:11,6.33,-501329
173,00:11,6.34,-501216
173,00:11,6.35,-501250
173,00:12,6.35,-501400
173,00:12,6.35,-501183
173,00:12,6.34,-501375
173,00:12,6.35,-501199
173,00:12,6.35,-501319
173,00:12,6.34,-501349
173,00:12,6.34,-501266
173,00:12,6.36,-501322
173,00:12,6.33,-501367
173,00:12,6.36,-501189
173,00:12,6.34,-501311
173,00:12,6.34,-501341
173,00:12,6.37,-501155
173,00:12,6.34,-501514
173,00:12,6.33,-501255
173,00:12,6.34,-501351
173,00:12,6.36,-501089
173,00:12,6.35,-501448
173,00:12,6.34,-501317
173,00:12,6.35,-501182
173,00:12,6.36,-501323
173,00:12,6.34,-501261
173,00:12,6.34,-501423
173,00:12,6.34,-501321
173,00:12,6.35,-501232
173,00:12,6.34,-501424
173,00:12,6.34,-501235
173,00:12,6.34,-501309
173,00:12,6.35,-501222
173,00:12,6.36,-501214
173,00:12,6.33,-501415
173,00:12,6.34,-501332
173,00:12,6.34,-501281
173,00:12,6.34,-501334
173,00:12,6.34,-501414
173,00:12,6.34,-501245
173,00:12,6.35,-501323
173,00:12,6.35,-501243
173,00:12,6.35,-501241
173,00:12,6.35,-501335
173,00:13,6.35,-501376
173,00:13,6.33,-501346
173,00:13,6.34,-501337
173,00:13,6.36,-501162
173,00:13,6.36,-501156
173,00:13,6.35,-501329
173,00:13,6.35,-501432
173,00:13,6.33,-501360
173,00:13,6.36,-501138
173,00:13,6.36,-501310
173,00:13,6.34,-501411
173,00:13,6.33,-501348
173,00:13,6.35,-501282
173,00:13,6.35,-501220
173,00:13,6.35,-501225
173,00:13,6.36,-501265
173,00:13,6.36,-501181
173,00:13,6.36,-501282
173,00:13,6.35,-501307
173,00:13,6.34,-501346
173,00:13,6.34,-501172
173,00:13,6.36,-501330
173,00:13,6.35,-501267
173,00:13,6.35,-501231
173,00:13,6.34,-501218
173,00:13,6.36,-501153
173,00:13,6.35,-501333
173,00:13,6.35,-501250
173,00:13,6.35,-501258
173,00:13,6.35,-501244
173,00:13,6.35,-501348
173,00:13,6.35,-501144
173,00:13,6.35,-501266
173,00:13,6.36,-501059
173,00:13,6.35,-501352
173,00:13,6.34,-501299
173,00:13,6.35,-501354
173,00:13,6.34,-501221
173,00:13,6.35,-501394
173,00:13,6.34,-501356
173,00:14,6.34,-501451
173,00:14,6.33,-501364
173,00:14,6.33,-501342
173,00:14,6.34,-501296
173,00:14,6.36,-501282
173,00:14,6.33,-501394
173,00:14,6.34,-501311
173,00:14,6.34,-501287
173,00:14,6.36,-501176
173,00:14,6.35,-501250
173,00:14,6.36,-501297
173,00:14,6.35,-501228
173,00:14,6.35,-501188
173,00:14,6.35,-501265
173,00:14,6.36,-501253
173,00:14,6.35,-501168
173,00:14,6.37,-501242
173,00:14,6.36,-501180
173,00:14,6.35,-501291
173,00:14,6.35,-501230
173,00:14,6.35,-501257
173,00:14,6.34,-501403
173,00:14,6.33,-501372
173,00:14,6.34,-501400
173,00:14,6.34,-501361
173,00:14,6.36,-501201
173,00:14,6.35,-501331
173,00:14,6.34,-501304
173,00:14,6.35,-501363
173,00:14,6.35,-501363
173,00:14,6.34,-501210
173,00:14,6.36,-501350
173,00:14,6.34,-501401
173,00:14,6.33,-501402
173,00:14,6.34,-501264
173,00:14,6.35,-501238
173,00:14,6.37,-501129
173,00:14,6.34,-501378
173,00:14,6.34,-501311
173,00:14,6.33,-501348
173,00:15,6.35,-501404
173,00:15,6.35,-501074
173,00:15,6.37,-501167
173,00:15,6.36,-501129
173,00:15,6.35,-501280
173,00:15,6.36,-501267
173,00:15,6.35,-501404
173,00:15,6.34,-501403
173,00:15,6.34,-501328
173,00:15,6.36,-501117
173,00:15,6.36,-501251
173,00:15,6.36,-501138
173,00:15,6.35,-501202
173,00:15,6.35,-501262
173,00:15,6.34,-501449
173,00:15,6.34,-501310
173,00:15,6.36,-501198
173,00:15,6.34,-501358
173,00:15,6.35,-501415
173,00:15,6.34,-501246
173,00:15,6.35,-501447
173,00:15,6.33,-501275
173,00:15,6.35,-501289
173,00:15,6.34,-501350
173,00:15,6.34,-501443
173,00:15,6.35,-501206
173,00:15,6.36,-501304
173,00:15,6.35,-501164
173,00:15,6.35,-501234
173,00:15,6.35,-501036
173,00:15,6.39,-500738
173,00:15,6.43,-500416
173,00:15,6.47,-499826
173,00:15,6.60,-497436
173,00:15,6.89,-495607
173,00:15,6.94,-495792
173,00:15,6.97,-494378
173,00:15,7.25,-491533
173,00:15,7.53,-489156
173,00:15,7.78,-486215
173,00:16,8.15,-482702
173,00:16,8.51,-479581
173,00:16,8.85,-475970
173,00:16,9.30,-471208
173,00:16,9.84,-466628
173,00:16,10.25,-462946
173,00:16,10.66,-458943
173,00:16,11.08,-455145
173,00:16,11.48,-451395
173,00:16,12.22,-443782
173,00:16,12.76,-439582
173,00:16,13.10,-436553
173,00:16,13.41,-434789
173,00:16,13.51,-434648
173,00:16,13.38,-436777
173,00:16,13.14,-438731
173,00:16,12.93,-441154
173,00:16,12.56,-446085
173,00:16,11.51,-456822
173,00:16,10.64,-466388
173,00:16,9.53,-476178
173,00:16,8.61,-483567
173,00:16,7.92,-489294
173,00:16,7.37,-493588
173,00:16,7.01,-496397
173,00:16,6.77,-498007
173,00:16,6.63,-499290
173,00:16,6.53,-499803
173,00:16,6.47,-500466
173,00:16,6.41,-500850
173,00:16,6.38,-501106
173,00:16,6.36,-501206
173,00:16,6.36,-501181
173,00:16,6.35,-501283
173,00:16,6.36,-501379
173,00:16,6.33,-501458
173,00:16,6.30,-501737
173,00:16,6.31,-501633
173,00:16,6.31,-501708
173,00:16,6.31,-501673
173,00:17,6.30,-501650
173,00:17,6.32,-501594
173,00:17,6.33,-501496
173,00:17,6.33,-501362
173,00:17,6.33,-501441
173,00:17,6.33,-501459
173,00:17,6.32,-501538
173,00:17,6.34,-501211
173,00:17,6.36,-501368
173,00:17,6.33,-501283
173,00:17,6.35,-501267
173,00:17,6.35,-501121
173,00:17,6.36,-501169
173,00:17,6.35,-501354
173,00:17,6.35,-501126
173,00:17,6.37,-500946
173,00:17,6.39,-500813
173,00:17,6.41,-500674
173,00:17,6.45,-499921
173,00:17,6.52,-499487
173,00:17,6.56,-499171
173,00:17,6.58,-498860
173,00:17,6.64,-498162
173,00:17,6.72,-497321
173,00:17,6.84,-496090
173,00:17,6.98,-494746
173,00:17,7.10,-493631
173,00:17,7.22,-492515
173,00:17,7.35,-491341
173,00:17,7.46,-490395
173,00:17,7.57,-489302
173,00:17,7.74,-487035
173,00:17,8.00,-484423
173,00:17,8.44,-479913
173,00:17,8.84,-476179
173,00:17,9.25,-472137
173,00:17,9.69,-467878
173,00:17,10.16,-463487
173,00:17,10.61,-459682
173,00:18,11.02,-455626
173,00:18,11.43,-451772
173,00:18,11.85,-448012
173,00:18,12.24,-444400
173,00:18,12.61,-441736
173,00:18,12.82,-439395
173,00:18,13.22,-435604
173,00:18,13.51,-433300
173,00:18,13.78,-430448
173,00:18,14.04,-428481
173,00:18,14.22,-427371
173,00:18,14.29,-426753
173,00:18,14.37,-425869
173,00:18,14.48,-424463
173,00:18,14.83,-420530
173,00:18,15.13,-417731
173,00:18,15.43,-414958
173,00:18,15.73,-412071
173,00:18,16.06,-408969
173,00:18,16.41,-405397
173,00:18,16.77,-402495
173,00:18,17.05,-400113
173,00:18,17.28,-398141
173,00:18,17.62,-394892
173,00:18,17.85,-392802
173,00:18,18.05,-390845
173,00:18,18.30,-388404
173,00:18,18.53,-386567
173,00:18,18.67,-385924
173,00:18,18.62,-388047
173,00:18,17.86,-397799
173,00